# Test data file for triplclust
# Source: Geobasisdaten der Kommunen und des Landes NRW 2014
# (courtesy of Katasteramt Krefeld)
# x y height
335154.849975586 5698614.94995117 60.970001221
335196.670043945 5698418.23999023 53.720001221
335178.959960938 5698500.86999512 68.669998169
335189.819946289 5698473.91003418 52.090000153
335225.810058594 5698290.19995117 53.009998322
335182.040039063 5698391.80004883 60.490001678
335180.050048828 5698403.68994141 61.88999939
335131.760009766 5698621.35998535 61.419998169
335208.650024414 5698356.91003418 66.989997864
335178.260009766 5698437.16003418 71.400001526
335206.33996582 5698313.5 80.88999939
335177.479980469 5698484.06994629 50.549999237
335175.030029297 5698382.32995605 49.979999542
335142.510009766 5698623.81005859 77.290000916
335208.329956055 5698304.48999023 80.239997864
335205.619995117 5698386.33996582 59.290000916
335167.469970703 5698420.68994141 54.819999695
335147.16003418 5698545.98999023 64.510002136
335158.150024414 5698616.72998047 50.720001221
335214.079956055 5698314.68994141 53.979999542
335219.939941406 5698286.18005371 52.590000153
335196.079956055 5698293.59997559 53.319999695
335154.920043945 5698616.08996582 60.659999847
335182.520019531 5698483.93994141 50.86000061
335161.819946289 5698582.86999512 62.130001068
335149.130004883 5698628.55004883 50.479999542
335176.060058594 5698420.45996094 64.330001831
335156.439941406 5698591.93005371 51.319999695
335159.329956055 5698596.15002441 61.340000153
335172.229980469 5698548.56994629 53.790000916
335188.469970703 5698480.64001465 51.150001526
335149.689941406 5698535.76000977 65.63999939
335168.729980469 5698457.81994629 63.220001221
335156.119995117 5698502.52001953 68.260002136
335222.069946289 5698291.7199707 63.229999542
335189.969970703 5698393.63000488 87.099998474
335212.209960938 5698323.85998535 54.409999847
335159.099975586 5698596.43994141 61.709999084
335179.16003418 5698439.92004395 63.709999084
335207.290039063 5698269.70996094 52.709999084
335167.849975586 5698569.36999512 52.430000305
335199.439941406 5698377.93005371 49.180000305
335198.900024414 5698429.86999512 55.11000061
335195.41003418 5698441.16003418 60.13999939
335192.239990234 5698329.82995605 66.019996643
335186.270019531 5698373.04003906 58.38999939
335160.459960938 5698498.43005371 57.930000305
335149.390014648 5698518.18005371 55.849998474
335184.420043945 5698379.88000488 58.970001221
335208.640014648 5698264.22998047 52.430000305
335167.310058594 5698465.38000488 62.009998322
335194.219970703 5698424.93994141 74.760002136
335142.739990234 5698568.04003906 63.25
335225.689941406 5698271.36999512 63.020000458
335208.109985352 5698374.01000977 58.180000305
335168.349975586 5698443.81005859 76.13999939
335179.800048828 5698437.73999023 82.519996643
335163.91003418 5698438.07995605 56.270000458
335191.020019531 5698445.47998047 55.88999939
335193.41003418 5698434.08996582 55.490001678
335167.800048828 5698537.60998535 54.560001373
335220.199951172 5698301.07995605 63.659999847
335182.260009766 5698377.80004883 70
335166.459960938 5698560.18994141 63.060001373
335216.689941406 5698300.68005371 53.419998169
335169.400024414 5698561.79003906 52.619998932
335159.130004883 5698596.0300293 61.63999939
335221.920043945 5698277.44995117 52.529998779
335172.33996582 5698396.83996582 51.799999237
335186.709960938 5698368.97998047 58.090000153
335168.609985352 5698459 63.11000061
335207.199951172 5698346.59997559 55.880001068
335152.550048828 5698628.2199707 60.779998779
335170.569946289 5698487.43005371 86.029998779
335180.310058594 5698510.58996582 57.13999939
335203.270019531 5698288.42004395 52.979999542
335193.989990234 5698321.29003906 65.540000916
335166.079956055 5698454.48999023 74.459999084
335156.08996582 5698502.91003418 68.339996338
335184.930053711 5698438.13000488 71.010002136
335169 5698461.16003418 53.040000916
335171.83996582 5698481.33996582 86.529998779
335225.760009766 5698272.68005371 63.310001373
335155.650024414 5698507.29003906 67.919998169
335133.280029297 5698630.65002441 50.119998932
335142.75 5698582.33996582 51.229999542
335185.479980469 5698362.14001465 68.529998779
335194.469970703 5698403.17004395 51.880001068
335180.170043945 5698381.69995117 49.680000305
335160.41003418 5698498.84997559 57.720001221
335187.270019531 5698458.14001465 74.379997253
335140.920043945 5698577.45996094 62.430000305
335218.540039063 5698325.59997559 54.479999542
335156.530029297 5698609.86999512 60.930000305
335182.510009766 5698500.31005859 58.090000153
335186.780029297 5698462.80004883 73.629997253
335158.270019531 5698465.56005859 52.189998627
335170.959960938 5698453.64001465 54.240001678
335197.810058594 5698423.75 63.709999084
335179.989990234 5698496.88000488 49.509998322
335174.560058594 5698386.83996582 50.540000916
335219.060058594 5698291.01000977 53
335177.239990234 5698507.11999512 67.75
335179.510009766 5698495.65002441 69.349998474
335205.729980469 5698264.52001953 63.38999939
335174.329956055 5698507.75 57.38999939
335199.219970703 5698278.18005371 52.560001373
335144.030029297 5698577.72998047 51.150001526
335186.069946289 5698492.2199707 50.259998322
335225.640014648 5698271.38000488 63.090000153
335168.869995117 5698566.77001953 52.560001373
335197.900024414 5698284.97998047 52.86000061
335198.430053711 5698280.25 52.779998779
335187.859985352 5698403.35998535 88.169998169
335168.699951172 5698436.0300293 60.229999542
335224.5 5698280.15002441 62.939998627
335178.420043945 5698415.58996582 53.990001678
335165.33996582 5698582.07995605 51.659999847
335179.510009766 5698409.61999512 52.970001221
335159.050048828 5698488.83996582 69.989997864
335186.060058594 5698481.61999512 60.669998169
335166.760009766 5698465.7800293 61.990001678
335146.719970703 5698550.48999023 64.209999084
335185.989990234 5698439.63000488 60
335182.689941406 5698373.82995605 69.63999939
335178.699951172 5698391.27001953 51.069999695
335205.560058594 5698371.85998535 68.36000061
335196.329956055 5698324.56005859 54.630001068
335135.780029297 5698603.38000488 61.740001678
335180.260009766 5698511.01000977 56.979999542
335175.33996582 5698494.56005859 49.200000763
335165.969970703 5698455.66003418 74.540000916
335209.719970703 5698333.90002441 54.86000061
335165.099975586 5698582.08996582 51.950000763
335172.290039063 5698515.91003418 56.509998322
335181.900024414 5698360.42004395 57.540000916
335156.439941406 5698472.26000977 51.349998474
335179.189941406 5698482.5 60.240001678
335171.33996582 5698443.83996582 65.300003052
335182.270019531 5698360.70996094 57.509998322
335197.16003418 5698286.56005859 52.799999237
335218 5698308.81005859 63.979999542
335191.510009766 5698467.7800293 52.849998474
335183.349975586 5698481.76000977 51.040000916
335212.729980469 5698282.81994629 80.059997559
335162.140014648 5698579.97998047 62.119998932
335190.989990234 5698439.86999512 60.919998169
335162.880004883 5698486.25 59.150001526
335156.560058594 5698555.52001953 79.760002136
335163.290039063 5698559.27001953 52.930000305
335161.359985352 5698477.58996582 71.269996643
335186.319946289 5698440.18994141 82.919998169
335191.890014648 5698464.17004395 53.169998169
335181.390014648 5698402.94995117 52.169998169
335159.270019531 5698472.2800293 60.979999542
335182.599975586 5698499.48999023 58.209999084
335209.270019531 5698338.06005859 55.349998474
335206.079956055 5698277.52001953 52.529998779
335185.180053711 5698452.80004883 64.230003357
335200.25 5698273.56005859 52.490001678
335200.489990234 5698272.14001465 52.439998627
335153.819946289 5698513.91003418 67.129997253
335149.119995117 5698552.97998047 53.159999847
335169.449951172 5698561.32995605 52.869998932
335200.380004883 5698304.68005371 53.599998474
335179.780029297 5698438.31005859 82.010002136
335212.079956055 5698322.42004395 54.450000763
335190.239990234 5698473.81994629 52.049999237
335176.989990234 5698509.47998047 67.930000305
335226.729980469 5698283.72998047 52.759998322
335201.790039063 5698281.60998535 63.819999695
335189.619995117 5698340.81005859 66.680000305
335184.5 5698437.73999023 62.380001068
335219.349975586 5698321.16003418 54.080001831
335148.949951172 5698628.89001465 50.470001221
335167.189941406 5698433.64001465 66.209999084
335176.239990234 5698490.31994629 49.880001068
335183.75 5698492.38000488 59.099998474
335170.540039063 5698487.81994629 86.029998779
335178.630004883 5698448.2800293 91.230003357
335216.640014648 5698332.9699707 55
335227.550048828 5698262.42004395 63
335161.430053711 5698461.75 62.569999695
335222.099975586 5698305.93994141 53.560001373
335169.060058594 5698545.82995605 64.400001526
335138.390014648 5698591.07995605 62.150001526
335226.979980469 5698267.68005371 62.700000763
335158.510009766 5698615.25 50.880001068
335220.16003418 5698299.35998535 63.36000061
335177.75 5698398.67004395 72.290000916
335158.219970703 5698465.9699707 52
335196.58996582 5698393.66003418 50.740001678
335206.189941406 5698365.94995117 68.580001831
335129.16003418 5698615.68005371 50.25
335212.689941406 5698337.26000977 65.569999695
335151.880004883 5698525.43005371 66.180000305
335196.699951172 5698290.15002441 52.790000916
335188.280029297 5698434.04003906 55.680000305
335207.260009766 5698389.04003906 50.319999695
335206.760009766 5698382.7800293 59.159999847
335181.310058594 5698439.55004883 84.510002136
335199.239990234 5698295.66003418 64.449996948
335173.609985352 5698543.18994141 54.069999695
335138.280029297 5698589.9699707 62.13999939
335165.920043945 5698509.89001465 83.440002441
335162.810058594 5698470.16003418 72.410003662
335154.020019531 5698528.04003906 55.090000153
335200.25 5698290.55004883 63.990001678
335155.040039063 5698524.70996094 55.259998322
335173.680053711 5698542.35998535 54.229999542
335203.08996582 5698367.91003418 57.779998779
335221.880004883 5698289.68005371 63.5
335154.099975586 5698527.2800293 54.779998779
335228.040039063 5698279.02001953 52.5
335169.729980469 5698529.72998047 55.330001831
335218.459960938 5698326.43005371 54.580001831
335174.969970703 5698409.55004883 53
335155.069946289 5698524.31994629 55.080001831
335225.109985352 5698274.41003418 63.020000458
335205.219970703 5698376.33996582 49.080001831
335146.91003418 5698602.27001953 77.730003357
335176.430053711 5698401.93994141 52.119998932
335198.020019531 5698316.05004883 54.049999237
335153.260009766 5698487.56005859 49.490001678
335155.930053711 5698594.68994141 51.270000458
335196.400024414 5698290.57995605 53.009998322
335169.969970703 5698558.97998047 52.88999939
335153.08996582 5698610.94995117 50.790000916
335190.33996582 5698472.98999023 52.13999939
335155.760009766 5698521.38000488 55.560001373
335198.260009766 5698409.83996582 52.529998779
335180.760009766 5698436.38000488 49.439998627
335166.689941406 5698544.97998047 53.979999542
335187.709960938 5698351.43005371 67.989997864
335188.599975586 5698479.40002441 51.529998779
335214.949951172 5698309.06994629 53.880001068
335175.640014648 5698436.13000488 62.299999237
335181.739990234 5698485.43005371 70.279998779
335176.030029297 5698497.4699707 58.549999237
335160.430053711 5698607.59997559 51.099998474
335188.459960938 5698437.15002441 65.86000061
335189.729980469 5698445.81994629 76.449996948
335160.58996582 5698454.06994629 54.090000153
335169.810058594 5698490.60998535 85.739997864
335195.729980469 5698422.18005371 54.159999847
335172.349975586 5698532.26000977 65.690002441
335182.189941406 5698378.59997559 70.050003052
335208.260009766 5698264.51000977 52.599998474
335163.189941406 5698560.06994629 53.049999237
335204.560058594 5698403.89001465 51.709999084
335154.959960938 5698615.69995117 60.569999695
335176.439941406 5698436.92004395 82.339996338
335183.810058594 5698475.69995117 71.769996643
335189.780029297 5698339.2199707 66.760002136
335193.359985352 5698338.39001465 55.479999542
335179.719970703 5698442.92004395 91.989997864
335155.579956055 5698631.43005371 50.419998169
335177.91003418 5698397.10998535 72.069999695
335205.150024414 5698390.77001953 59.799999237
335191.790039063 5698436.77001953 76.839996338
335207.859985352 5698266.43994141 52.38999939
335175.650024414 5698424.40002441 64.61000061
335180.760009766 5698438.94995117 89.120002747
335201.650024414 5698266.5300293 52.479999542
335223.930053711 5698264.85998535 52.61000061
335177.949951172 5698483.91003418 50.590000153
335184.640014648 5698366.43005371 68.910003662
335224.189941406 5698263.98999023 52.680000305
335203.869995117 5698271.07995605 63.700000763
335205.569946289 5698398.75 51.220001221
335153.699951172 5698487.90002441 49.560001373
335223.349975586 5698270.29003906 52.580001831
335224.229980469 5698263.56005859 52.650001526
335164.979980469 5698585.48999023 51.479999542
335166.939941406 5698575.56994629 51.779998779
335164.829956055 5698551.86999512 53.479999542
335169.770019531 5698452.91003418 63.709999084
335207.800048828 5698266.85998535 52.38999939
335175.540039063 5698431.5300293 56.330001831
335186.270019531 5698479.65002441 60.549999237
335182.33996582 5698484.11999512 70.709999084
335198.040039063 5698284.04003906 52.900001526
335160.469970703 5698574.75 52.080001831
335133.5 5698626.91003418 49.919998169
335164.400024414 5698465.33996582 73.029998779
335231.349975586 5698261.39001465 52.450000763
335174.729980469 5698437.18005371 82.050003052
335196.760009766 5698320.40002441 54.409999847
335203.290039063 5698328.54003906 81.629997253
335154.599975586 5698617.51000977 60.659999847
335183.810058594 5698353.02001953 56.880001068
335198.579956055 5698405.27001953 72.220001221
335175.739990234 5698514.39001465 66.930000305
335185.079956055 5698362.42004395 68.519996643
335131.520019531 5698623.80004883 61.459999084
335188.030029297 5698457.06994629 74.419998169
335224.859985352 5698262.10998535 52.36000061
335175.829956055 5698513.56005859 67.38999939
335224.25 5698264.10998535 52.520000458
335165.209960938 5698441.42004395 65.470001221
335212.630004883 5698352.11999512 56.290000916
335156.540039063 5698502.84997559 68.419998169
335189.270019531 5698344.06005859 67.019996643
335203.939941406 5698325.31994629 81.379997253
335142.579956055 5698623.02001953 77.279998779
335184.189941406 5698478.43994141 51.38999939
335206.569946289 5698260.25 63.400001526
335183.150024414 5698439.94995117 60.150001526
335191.890014648 5698312.11999512 53.729999542
335203.58996582 5698379.32995605 69.239997864
335156.359985352 5698592.81994629 51.200000763
335195.459960938 5698296.57995605 52.990001678
335160.510009766 5698454.86999512 53.900001526
335166.849975586 5698452.7199707 74.819999695
335222.760009766 5698287.95996094 63.279998779
335129.420043945 5698614.73999023 50.270000458
335193.180053711 5698414.43005371 62.790000916
335223.349975586 5698302.30004883 53.430000305
335167.540039063 5698572.32995605 52.180000305
335223.430053711 5698301.54003906 53.720001221
335190.800048828 5698441.01000977 71.489997864
335162.209960938 5698487.79003906 59.060001373
335200.920043945 5698394.09997559 70.660003662
335190.920043945 5698351.06005859 56.479999542
335186.599975586 5698337.93994141 55.619998932
335208.760009766 5698355.72998047 67.160003662
335222.680053711 5698288.75 63.150001526
335163.520019531 5698487.09997559 49.720001221
335136.199951172 5698599.18005371 62.029998779
335154.219970703 5698621.15002441 60.840000153
335171.900024414 5698519.56994629 56.169998169
335145.239990234 5698610.14001465 77.569999695
335211.829956055 5698356.23999023 56.549999237
335182.849975586 5698497.06994629 58.459999084
335220.449951172 5698298.67004395 63.900001526
335128.689941406 5698620.30004883 50.189998627
335209.180053711 5698338.85998535 55.299999237
335135.670043945 5698618.34997559 50.069999695
335200.140014648 5698380.51000977 58.790000916
335164.479980469 5698464.56994629 73.190002441
335159.33996582 5698483.13000488 50.099998474
335210.900024414 5698343.60998535 66.080001831
335185.819946289 5698494.70996094 49.540000916
335173.5 5698511.55004883 57.169998169
335229.229980469 5698271.5300293 52.419998169
335164.16003418 5698435.31994629 60.119998932
335218.439941406 5698291.98999023 53.11000061
335174.130004883 5698415.93994141 74.470001221
335192.489990234 5698451.89001465 64.5
335201.979980469 5698389.69995117 50.560001373
335186.849975586 5698356.13000488 67.940002441
335157.140014648 5698482.0300293 59.75
335204.569946289 5698282.27001953 52.430000305
335185.979980469 5698467.45996094 53.049999237
335220.300048828 5698300.26000977 63.619998932
335178.140014648 5698521.07995605 56.180000305
335223.670043945 5698280.98999023 63.060001373
335188.030029297 5698484.69995117 50.720001221
335226.869995117 5698284.70996094 52.590000153
335174.739990234 5698438.69995117 60.229999542
335215.560058594 5698320.67004395 64.669998169
335179.849975586 5698496.68994141 69.099998474
335169.890014648 5698559.80004883 52.979999542
335181.020019531 5698507.67004395 57.290000916
335162.33996582 5698565.68005371 52.779998779
335193.640014648 5698303.75 53.569999695
335182.050048828 5698488.43994141 50.220001221
335161.810058594 5698470.81994629 51.689998627
335176.829956055 5698511.13000488 67.319999695
335203.390014648 5698275.61999512 63.86000061
335190.290039063 5698473.41003418 52.180000305
335168.599975586 5698415.16003418 54.029998779
335174.790039063 5698427.32995605 65.050003052
335197.229980469 5698287.86999512 52.659999847
335140.219970703 5698581.77001953 62.520000458
335173.020019531 5698529.20996094 65.879997253
335224.170043945 5698296.26000977 53.040000916
335201.359985352 5698285.81005859 63.970001221
335141.58996582 5698558.05004883 52.759998322
335166.369995117 5698560.93005371 63.409999847
335133.689941406 5698626.72998047 50.189998627
335213.680053711 5698278.18005371 79.730003357
335147.680053711 5698544.18994141 64.5
335205.989990234 5698263.51000977 63.479999542
335185.229980469 5698440.33996582 73.220001221
335142.25 5698584.93994141 51.119998932
335193.260009766 5698413.65002441 62.759998322
335197.010009766 5698359.07995605 83.769996643
335159.439941406 5698460.0300293 52.909999847
335191.489990234 5698313.31005859 54.090000153
335206.800048828 5698350.30004883 56.25
335169.349975586 5698562.14001465 52.930000305
335170.630004883 5698538.70996094 64.88999939
335171.880004883 5698411.18994141 63.25
335175.040039063 5698413.30004883 74.190002441
335162.699951172 5698487.82995605 59.319999695
335223.640014648 5698268.5300293 52.330001831
335196.310058594 5698309.90002441 64.910003662
335220.209960938 5698298.97998047 63.479999542
335210.329956055 5698348.85998535 66.529998779
335163.75 5698465.91003418 72.900001526
335179.790039063 5698389.97998047 71.400001526
335194.229980469 5698452.75 55.13999939
335185.099975586 5698384.75 50.119998932
335180.520019531 5698490.31994629 70.169998169
335202.949951172 5698260.68994141 52.229999542
335161.550048828 5698460.56005859 62.619998932
335169.130004883 5698453.88000488 63.869998932
335227.25 5698266.75 62.790000916
335189.099975586 5698325.29003906 54.950000763
335201.060058594 5698394.32995605 50.840000153
335200.91003418 5698395.54003906 51.169998169
335171.08996582 5698537.65002441 65.120002747
335186.709960938 5698409.42004395 89.010002136
335201.420043945 5698394.95996094 50.770000458
335189.569946289 5698427.55004883 54.930000305
335184.010009766 5698473.72998047 72.190002441
335209.91003418 5698367.70996094 57.580001831
335175 5698409.14001465 53.049999237
335196.58996582 5698440.69995117 56.479999542
335182.439941406 5698468.0300293 62.150001526
335162.260009766 5698475.64001465 71.739997864
335166.739990234 5698422.42004395 54.979999542
335162.310058594 5698475.23999023 71.669998169
335200.030029297 5698424.54003906 54.319999695
335190.58996582 5698442.5300293 77.029998779
335158.239990234 5698488.16003418 49.349998474
335160.58996582 5698606.0300293 50.580001831
335171.400024414 5698437.56005859 61.509998322
335177.209960938 5698436.63000488 71.870002747
335179.25 5698437.58996582 82.019996643
335164.449951172 5698483.02001953 50.189998627
335207.810058594 5698268.77001953 52.490001678
335197.969970703 5698390.89001465 59.990001678
335172.550048828 5698425.64001465 75.910003662
335171.869995117 5698422.56994629 54.819999695
335230.920043945 5698263.51000977 52.580001831
335164.880004883 5698460.67004395 73.730003357
335187.510009766 5698485.14001465 50.849998474
335173.310058594 5698526.43005371 65.760002136
335201.290039063 5698390.56994629 70.379997253
335182.430053711 5698484.76000977 50.810001373
335206.069946289 5698262.68994141 63.580001831
335131.91003418 5698619.81994629 61.11000061
335155.510009766 5698476.4699707 50.669998169
335160.119995117 5698497.58996582 57.779998779
335182.140014648 5698379.01000977 70.180000305
335161.790039063 5698583.26000977 62.259998322
335182.760009766 5698396.13000488 51.299999237
335180.219970703 5698386.02001953 70.910003662
335180.560058594 5698508.13000488 57.479999542
335137.920043945 5698607.23999023 50.279998779
335185.390014648 5698362.93994141 68.699996948
335163.609985352 5698521.41003418 82.529998779
335171.739990234 5698553.14001465 53.630001068
335173.540039063 5698389.77001953 50.900001526
335188.819946289 5698456.04003906 54.490001678
335224.709960938 5698278.17004395 63.229999542
335189.790039063 5698441.2800293 60.720001221
335190.729980469 5698458.55004883 63.63999939
335182.079956055 5698391.39001465 60.25
335180.829956055 5698438.20996094 90.430000305
335179.760009766 5698390.38000488 71.459999084
335136.069946289 5698602.65002441 61.680000305
335179.069946289 5698439.13000488 84.260002136
335133.699951172 5698594.14001465 50.709999084
335160.920043945 5698602.92004395 51.060001373
335162.189941406 5698444.25 55.509998322
335218.680053711 5698292.42004395 53.049999237
335228.729980469 5698273.52001953 52.919998169
335187.989990234 5698473.44995117 61.540000916
335193.569946289 5698432.48999023 55.319999695
335177.270019531 5698420.93005371 54.419998169
335152.469970703 5698629.06005859 60.779998779
335164.199951172 5698434.92004395 60.13999939
335208.449951172 5698355.51000977 66.940002441
335230.119995117 5698269.55004883 52.509998322
335171.869995117 5698480.93994141 86.760002136
335162.199951172 5698471.15002441 51.63999939
335205.670043945 5698264.98999023 63.599998474
335185.430053711 5698445.19995117 55.709999084
335226.010009766 5698273.05004883 62.830001831
335176.430053711 5698458.64001465 89.690002441
335161.959960938 5698581.70996094 61.799999237
335154.180053711 5698621.64001465 60.599998474
335133.91003418 5698612.67004395 61.490001678
335142.819946289 5698567.23999023 63.130001068
335179.530029297 5698404.41003418 61.979999542
335184.300048828 5698348.52001953 56.520000458
335151.699951172 5698539.07995605 53.970001221
335228.670043945 5698276.17004395 52.650001526
335179.630004883 5698439.27001953 83.879997253
335227.729980469 5698262.14001465 62.990001678
335194.010009766 5698428.48999023 55.11000061
335193.229980469 5698440.63000488 60.380001068
335177.900024414 5698414.07995605 63.029998779
335177.390014648 5698484.86999512 50.490001678
335189.439941406 5698477.54003906 51.61000061
335164.949951172 5698455.92004395 53.759998322
335205.75 5698353.17004395 56.439998627
335191.979980469 5698329.07995605 66.040000916
335183.739990234 5698460.48999023 63.090000153
335162.920043945 5698442.97998047 55.560001373
335201.489990234 5698284.55004883 63.900001526
335214.550048828 5698344.90002441 55.650001526
335199.540039063 5698292.47998047 64.169998169
335198.630004883 5698281.43994141 52.659999847
335223.400024414 5698269.86999512 52.560001373
335196.439941406 5698289.67004395 52.950000763
335181.489990234 5698489.33996582 50.159999847
335191.859985352 5698435.98999023 76.720001221
335219.969970703 5698301.10998535 63.88999939
335190.33996582 5698337.06005859 66.569999695
335137.900024414 5698605.44995117 50.409999847
335147.08996582 5698546.82995605 64.260002136
335215.400024414 5698269.93994141 79.790000916
335189.650024414 5698431.2199707 65.13999939
335171.439941406 5698534.43005371 65.180000305
335164.579956055 5698475.98999023 60.479999542
335201.069946289 5698392.56005859 70.88999939
335127.069946289 5698626.18994141 50.099998474
335219.790039063 5698285.33996582 52.689998627
335166.719970703 5698466.19995117 61.759998322
335179.300048828 5698437.9699707 72.550003052
335138.479980469 5698590.27001953 62.020000458
335225.189941406 5698276.31994629 62.979999542
335171.479980469 5698436.04003906 72.069999695
335176.91003418 5698510.2800293 67.690002441
335144.579956055 5698542.93005371 53.669998169
335155.010009766 5698615.22998047 60.729999542
335175.670043945 5698430.31994629 55.819999695
335172.859985352 5698476.5 87.330001831
335200.729980469 5698423.27001953 54.150001526
335169.859985352 5698459.11999512 53.430000305
335182.599975586 5698461.29003906 53.590000153
335186.890014648 5698355.72998047 67.930000305
335172.180053711 5698548.97998047 53.810001373
335180.08996582 5698382.55004883 49.979999542
335134.319946289 5698608.81994629 61.630001068
335162.770019531 5698593.76000977 51.200000763
335163.780029297 5698465.5300293 72.86000061
335181.849975586 5698360.84997559 57.659999847
335157.260009766 5698604.58996582 60.950000763
335186.58996582 5698439.45996094 60.069999695
335160.790039063 5698571.77001953 52.380001068
335137.41003418 5698577.63000488 51.549999237
335201.770019531 5698281.97998047 63.63999939
335176.939941406 5698374.72998047 49.119998932
335182.680053711 5698460.5 53.580001831
335225.609985352 5698271.77001953 62.990001678
335202.949951172 5698291.89001465 52.909999847
335200.939941406 5698302.06994629 53.340000153
335173.739990234 5698437.54003906 60.400001526
335192.020019531 5698452.01000977 64.480003357
335176 5698408.75 73.660003662
335163.800048828 5698574.70996094 62.419998169
335157.069946289 5698482.82995605 59.529998779
335184.329956055 5698380.68994141 59.270000458
335193.640014648 5698446.43005371 65.5
335196.180053711 5698311.13000488 64.989997864
335175.880004883 5698493.59997559 49.38999939
335173.459960938 5698433.86999512 66.019996643
335212.599975586 5698338.05004883 65.540000916
335166.680053711 5698472.22998047 51.630001068
335203.780029297 5698273.93994141 63.700000763
335160.930053711 5698450.86999512 54.279998779
335187.449951172 5698440.73999023 71.480003357
335226.930053711 5698285.07995605 52.709999084
335222.729980469 5698287.9699707 63.380001068
335156.58996582 5698502.45996094 68.489997864
335201.900024414 5698390.52001953 50.560001373
335168.420043945 5698443.05004883 76.319999695
335190.189941406 5698431.33996582 64.910003662
335174.770019531 5698520.19995117 66.839996338
335177.109985352 5698383.56005859 59.770000458
335203.189941406 5698291.23999023 52.979999542
335213.140014648 5698333.15002441 65.029998779
335131.680053711 5698603.7800293 50.430000305
335208.08996582 5698358.76000977 67.529998779
335178.260009766 5698487.09997559 59.790000916
335198.489990234 5698311.54003906 54.130001068
335166.699951172 5698422.81994629 55.150001526
335167.41003418 5698502.69995117 84.190002441
335139.680053711 5698599.06994629 50.529998779
335154.630004883 5698509.93005371 67.599998474
335198.560058594 5698313.5 53.869998932
335162.25 5698598.86999512 50.900001526
335167.439941406 5698573.22998047 51.959999084
335145.099975586 5698558.68005371 63.830001831
335207.25 5698346.18994141 55.819999695
335167.550048828 5698435.81994629 60.069999695
335200.75 5698286.93994141 64
335206.709960938 5698351.09997559 56.220001221
335181.819946289 5698398.90002441 51.709999084
335204.800048828 5698283.45996094 52.75
335157.41003418 5698469.41003418 51.709999084
335175.400024414 5698438.48999023 60.060001373
335169.729980469 5698491.38000488 85.559997559
335155.390014648 5698488.56005859 58.900001526
335161.400024414 5698584.4699707 61.5
335181.060058594 5698507.2800293 57.290000916
335206.83996582 5698349.90002441 56.229999542
335215.479980469 5698321.45996094 64.589996338
335177.91003418 5698504.32995605 68.160003662
335193.609985352 5698441.70996094 60.439998627
335185.800048828 5698484.04003906 60.069999695
335198.300048828 5698280.56994629 52.409999847
335223.180053711 5698271.30004883 52.470001221
335200.890014648 5698340.64001465 82.470001221
335180.780029297 5698385.5 70.819999695
335193.030029297 5698430.43005371 75.599998474
335182.709960938 5698480.57995605 71.099998474
335199.829956055 5698397.9699707 71.379997253
335180.420043945 5698491.13000488 69.839996338
335173.880004883 5698507.92004395 57.209999084
335192.270019531 5698329.43005371 66.029998779
335167.930053711 5698568.52001953 52.439998627
335155.359985352 5698521.43994141 55.259998322
335168.689941406 5698458.22998047 62.819999695
335189.300048828 5698343.68994141 67.11000061
335158.579956055 5698505.26000977 57.020000458
335175.630004883 5698534.07995605 54.770000458
335164.260009766 5698445.82995605 64.739997864
335186.33996582 5698340.40002441 55.720001221
335227.260009766 5698265.14001465 62.419998169
335151.83996582 5698525.81994629 66.209999084
335165.819946289 5698435.90002441 60.409999847
335158.449951172 5698506.45996094 56.950000763
335170.130004883 5698543.59997559 64.550003052
335197.040039063 5698358.68005371 83.769996643
335193.959960938 5698373.59997559 85.029998779
335196.099975586 5698445.48999023 56.060001373
335179.699951172 5698390.7800293 71.580001831
335225.5 5698290.32995605 52.830001831
335141.829956055 5698589.17004395 50.930000305
335188.709960938 5698329.01000977 55.090000153
335185.650024414 5698496.32995605 49.479999542
335167.849975586 5698554.63000488 63.509998322
335175.109985352 5698465.56994629 88.720001221
335195.390014648 5698446.93994141 55.950000763
335163.689941406 5698520.65002441 82.400001526
335172.550048828 5698438.06994629 60.549999237
335206.680053711 5698383.57995605 59.040000916
335172.430053711 5698514.67004395 56.680000305
335172.989990234 5698416.97998047 54.020000458
335188.979980469 5698358.02001953 57.040000916
335187.510009766 5698365.15002441 57.590000153
335140.180053711 5698582.18005371 62.450000763
335144.530029297 5698543.35998535 53.560001373
335195.119995117 5698406.69995117 61.840000153
335133 5698631.81994629 50
335155.449951172 5698599.34997559 51.130001068
335185.08996582 5698344.73999023 56.209999084
335195.150024414 5698406.31005859 61.840000153
335171.939941406 5698410.79003906 63.11000061
335198.209960938 5698410.25 52.619998932
335182.560058594 5698375.0300293 69.75
335151.050048828 5698542.01000977 53.569999695
335160.489990234 5698498.05004883 57.729999542
335192.920043945 5698411.72998047 52.88999939
335149.310058594 5698536.04003906 65.290000916
335163.969970703 5698487.48999023 49.779998779
335172.050048828 5698442.40002441 65.559997559
335198.790039063 5698387.56994629 59.840000153
335180.189941406 5698439.16003418 82.230003357
335227.66003418 5698262.86999512 62.509998322
335181.790039063 5698464.51000977 53.029998779
335207.729980469 5698377.64001465 58.419998169
335196.810058594 5698319.95996094 54.299999237
335212 5698323.20996094 54.270000458
335188.5 5698480.2199707 51.25
335193.829956055 5698456.75 54.479999542
335177.260009766 5698414.65002441 63.150001526
335202.650024414 5698276.68005371 63.61000061
335163.239990234 5698559.68005371 52.930000305
335217.420043945 5698314.13000488 64.089996338
335132.130004883 5698619.22998047 61.38999939
335173.540039063 5698433.07995605 65.879997253
335158.920043945 5698487.18994141 49.61000061
335184.25 5698451.17004395 54.979999542
335204.020019531 5698271.19995117 63.669998169
335210.319946289 5698331.52001953 54.939998627
335178.119995117 5698439.93005371 53.319999695
335174.069946289 5698538.65002441 54.409999847
335183.689941406 5698478.5 51.560001373
335177.290039063 5698506.70996094 67.760002136
335162.66003418 5698596.93005371 51.040000916
335208.540039063 5698354.72998047 67.019996643
335184.640014648 5698349.25 56.540000916
335179.939941406 5698436.94995117 74.11000061
335218.530029297 5698291.59997559 53.169998169
335145.010009766 5698556.76000977 63.840000153
335206.729980469 5698393.89001465 50.659999847
335186.079956055 5698438.43994141 62.740001678
335204.459960938 5698404.69995117 51.950000763
335202.829956055 5698292.59997559 53.049999237
335221.449951172 5698279.25 52.720001221
335171.290039063 5698554.75 53.259998322
335208.719970703 5698264.69995117 52.189998627
335193.979980469 5698427.25 75.199996948
335224.729980469 5698293.5 52.810001373
335151.180053711 5698540.77001953 53.709999084
335172 5698518.76000977 56.25
335188.5 5698468.68994141 62.11000061
335151.219970703 5698511.05004883 56.459999084
335207.630004883 5698378.44995117 58.439998627
335153.469970703 5698500.2800293 57.63999939
335172.359985352 5698547.35998535 53.720001221
335174.310058594 5698437.72998047 60.13999939
335224.650024414 5698278.81994629 63.049999237
335172.290039063 5698397.25 51.669998169
335138.130004883 5698572.84997559 52.069999695
335175.949951172 5698436.86999512 82.120002747
335217.969970703 5698311.70996094 64.040000916
335163.369995117 5698469.43005371 72.510002136
335197.119995117 5698388.7800293 50.36000061
335202.810058594 5698388.07995605 50.099998474
335199.010009766 5698401.33996582 71.709999084
335157.689941406 5698466.58996582 51.930000305
335231.319946289 5698263.10998535 52.549999237
335158.569946289 5698472.90002441 60.990001678
335147.170043945 5698528.67004395 54.61000061
335166.050048828 5698439.10998535 65.959999084
335140.130004883 5698596.70996094 50.549999237
335193.479980469 5698406.5 52.130001068
335137.349975586 5698610.88000488 50.590000153
335225.400024414 5698290.63000488 52.950000763
335141.040039063 5698576.17004395 62.700000763
335198.469970703 5698433.85998535 55.669998169
335155.719970703 5698521.81994629 55.290000916
335140.520019531 5698578.89001465 62.470001221
335140.41003418 5698561.75 52.209999084
335155.819946289 5698630.31994629 50.270000458
335194.75 5698441.40002441 70.849998474
335196.969970703 5698441.94995117 59.900001526
335160.58996582 5698497.19995117 58.180000305
335197.510009766 5698408.72998047 72.589996338
335189.560058594 5698476.31994629 52.009998322
335183.189941406 5698483.38000488 50.75
335223.83996582 5698280.93994141 62.880001068
335166.83996582 5698576.38000488 51.830001831
335222.239990234 5698290.44995117 63.549999237
335177.930053711 5698490.32995605 59.259998322
335193.609985352 5698446.81005859 65.419998169
335206.150024414 5698366.2800293 67.949996948
335160.219970703 5698484.73999023 70.580001831
335185.849975586 5698451.51000977 64.379997253
335133.800048828 5698593.27001953 50.799999237
335177.310058594 5698397.65002441 51.740001678
335169.359985352 5698529.69995117 55.340000153
335147.040039063 5698547.18994141 64.540000916
335197.599975586 5698436.41003418 55.959999084
335195.310058594 5698295.75 53.060001373
335160.530029297 5698536.13000488 81.260002136
335162.75 5698564.2199707 53.020000458
335181.380004883 5698365.32995605 57.990001678
335186.380004883 5698468.02001953 52.830001831
335167.270019531 5698432.86999512 66.38999939
335178.469970703 5698517.81994629 56.349998474
335174.680053711 5698395.42004395 61.180000305
335193.680053711 5698303.33996582 53.569999695
335201.75 5698390.40002441 70.459999084
335173.540039063 5698524.33996582 66.449996948
335222.020019531 5698306.80004883 53.759998322
335195.239990234 5698295.43994141 52.709999084
335133.359985352 5698629.81005859 50.009998322
335191.91003418 5698435.59997559 76.540000916
335196.140014648 5698416.84997559 73.769996643
335205.810058594 5698263.72998047 63.540000916
335166.329956055 5698561.31994629 63.540000916
335168.560058594 5698415.56005859 54.029998779
335162.209960938 5698599.2800293 50.919998169
335145.479980469 5698554.98999023 63.990001678
335185.050048828 5698345.15002441 56.220001221
335176.670043945 5698420.18994141 63.919998169
335189.770019531 5698474.30004883 52.270000458
335183.699951172 5698492.7800293 58.959999084
335205.989990234 5698367.86999512 68
335172.16003418 5698398.43994141 51.680000305
335185.349975586 5698484.0300293 60.080001831
335133.640014648 5698613.84997559 61.520000458
335147.430053711 5698546.65002441 64.370002747
335159.770019531 5698591.98999023 61.259998322
335172.540039063 5698443.72998047 55.830001831
335126.41003418 5698631.51000977 50.080001831
335135.540039063 5698617.90002441 50.470001221
335181.569946289 5698470.45996094 62.189998627
335201.510009766 5698394.17004395 50.86000061
335135.949951172 5698583.22998047 51.119998932
335192.209960938 5698439.72998047 56.759998322
335198.16003418 5698410.67004395 52.88999939
335183.640014648 5698478.90002441 51.509998322
335163.319946289 5698558.81005859 53.159999847
335186.140014648 5698448.75 64.930000305
335144.959960938 5698539.20996094 53.959999084
335166.420043945 5698435.9699707 60.569999695
335162.5 5698456.60998535 63.029998779
335133.719970703 5698626.32995605 50.060001373
335169.650024414 5698454.08996582 64.050003052
335157 5698498.47998047 68.849998474
335222.520019531 5698287.86999512 62.979999542
335205.280029297 5698389.58996582 59.930000305
335207.969970703 5698359.93994141 67.339996338
335210.550048828 5698346.85998535 66.519996643
335144.599975586 5698560.88000488 63.529998779
335217.58996582 5698312.57995605 64.519996643
335172.66003418 5698420.19995117 54.439998627
335184.790039063 5698439.30004883 71.050003052
335190.079956055 5698392.44995117 86.900001526
335182.030029297 5698375.14001465 49.13999939
335188.119995117 5698483.88000488 50.75
335158.199951172 5698488.55004883 49.409999847
335204.430053711 5698405.10998535 51.959999084
335172.439941406 5698531.36999512 66.239997864
335214.560058594 5698312.79003906 53.819999695
335220.41003418 5698299.07995605 63.939998627
335189.869995117 5698341.5 66.779998779
335193.760009766 5698334.68994141 55.330001831
335169.739990234 5698453.30004883 63.700000763
335185.130004883 5698453.19995117 64.120002747
335137.83996582 5698608.08996582 50.310001373
335181.459960938 5698440.79003906 50.259998322
335179.670043945 5698439.66003418 72.220001221
335188.58996582 5698451.63000488 75.25
335206.060058594 5698367.07995605 68.050003052
335177.130004883 5698415.83996582 63.479999542
335230.030029297 5698269.17004395 52.409999847
335171.780029297 5698427 76.069999695
335157.819946289 5698492.22998047 49.029998779
335166.290039063 5698426.81005859 55.549999237
335186.510009766 5698466.81005859 53.040000916
335211.58996582 5698326.93994141 54.529998779
335170.260009766 5698437.36999512 60.430000305
335184.33996582 5698348.08996582 56.38999939
335158.229980469 5698547.34997559 80.379997253
335177.599975586 5698437.10998535 83.690002441
335128.66003418 5698620.65002441 50.380001068
335196.16003418 5698323.16003418 54.599998474
335183.319946289 5698482.16003418 51.150001526
335192.119995117 5698330.98999023 65.779998779
335223.770019531 5698298.5 53.159999847
335199.050048828 5698400.93994141 71.589996338
335172.010009766 5698410 62.869998932
335200.099975586 5698380.93005371 58.919998169
335227.349975586 5698280.7800293 52.409999847
335194.040039063 5698442.5 66.190002441
335177.239990234 5698398.44995117 51.759998322
335171.33996582 5698431.23999023 76.63999939
335202.119995117 5698415.7800293 53.299999237
335215.760009766 5698321.5 64.830001831
335225.030029297 5698294.27001953 53.090000153
335145.699951172 5698552.93994141 64.089996338
335129.329956055 5698615.61999512 50.259998322
335200.510009766 5698303.41003418 53.459999084
335211.939941406 5698323.69995117 54.680000305
335162.819946289 5698443.79003906 55.479999542
335140.66003418 5698579.94995117 62.369998932
335174.699951172 5698385.59997559 50.119998932
335178.420043945 5698479.43994141 51.11000061
335194.719970703 5698400.76000977 51.759998322
335228.199951172 5698278.5300293 52.830001831
335202.380004883 5698295.42004395 53.159999847
335173.479980469 5698544.39001465 54.330001831
335165.079956055 5698584.63000488 51.5
335194.329956055 5698451.93994141 55.200000763
335192.819946289 5698448.72998047 65.510002136
335171.430053711 5698426.58996582 55.439998627
335199.619995117 5698399.94995117 71.809997559
335199 5698309.33996582 53.779998779
335194.359985352 5698451.54003906 55.189998627
335198.420043945 5698282.18994141 52.900001526
335225.040039063 5698275.18994141 62.840000153
335181.880004883 5698440.39001465 63.220001221
335201.369995117 5698283.79003906 63.909999847
335227.58996582 5698262.30004883 62.849998474
335161.329956055 5698477.97998047 71.349998474
335186.849975586 5698447.04003906 65.129997253
335138.400024414 5698588.76000977 62.049999237
335157.209960938 5698605.0300293 60.849998474
335195.780029297 5698394.93005371 50.970001221
335181.530029297 5698375.26000977 49.159999847
335194.010009766 5698335.54003906 55.240001678
335194.66003418 5698370.47998047 84.790000916
335156.040039063 5698503.30004883 68.309997559
335163.119995117 5698592.64001465 51.290000916
335167.719970703 5698428.54003906 65.489997864
335181.400024414 5698440.36999512 62.959999084
335183.439941406 5698463.27001953 62.790000916
335193.609985352 5698414.68005371 62.669998169
335144.420043945 5698573.85998535 51.63999939
335147.219970703 5698560.41003418 52.38999939
335173.430053711 5698434.27001953 66.180000305
335166.900024414 5698436.04003906 71.160003662
335158.150024414 5698586.2199707 51.549999237
335223.229980469 5698283.38000488 63.319999695
335173.900024414 5698435.95996094 61.990001678
335189.859985352 5698439.68994141 71.839996338
335163.170043945 5698592.22998047 51.229999542
335188.680053711 5698360.90002441 57.400001526
335187.770019531 5698461.27001953 53.509998322
335179.979980469 5698436.79003906 61.759998322
335200.349975586 5698272.73999023 52.61000061
335179.599975586 5698371.17004395 58.700000763
335172.489990234 5698444.13000488 55.650001526
335147.280029297 5698600.48999023 77.510002136
335156 5698628.58996582 50.220001221
335173.369995117 5698441.51000977 56.020000458
335200.829956055 5698422.47998047 54.049999237
335193.699951172 5698335.07995605 55.290000916
335226.939941406 5698268.13000488 62.869998932
335185.209960938 5698496.31994629 49.340000153
335128.739990234 5698619.93005371 50.029998779
335176.709960938 5698419.80004883 63.959999084
335178.770019531 5698518.89001465 56.259998322
335175.239990234 5698464.43005371 88.970001221
335142.83996582 5698569.66003418 63.169998169
335175.359985352 5698438.09997559 71.220001221
335195.209960938 5698400.2199707 51.61000061
335181.099975586 5698379.39001465 49.830001831
335158.400024414 5698474.48999023 60.75
335173.939941406 5698539.86999512 54.409999847
335182.459960938 5698391.89001465 60.380001068
335178.520019531 5698517.41003418 56.319999695
335207.729980469 5698389.18005371 50.159999847
335172.140014648 5698441.60998535 65.599998474
335207.810058594 5698388.36999512 50.209999084
335167.310058594 5698574.45996094 51.990001678
335207.91003418 5698267.9699707 52.299999237
335202.66003418 5698368.10998535 57.630001068
335173.420043945 5698401.06994629 61.729999542
335179.180053711 5698375.2199707 59.080001831
335188.33996582 5698438.32995605 66.120002747
335171.420043945 5698443.06005859 65.25
335204.469970703 5698268.36999512 63.560001373
335181.699951172 5698395.0300293 60.930000305
335170.729980469 5698537.88000488 65.13999939
335165.010009766 5698582.98999023 51.599998474
335195.530029297 5698445.73999023 56.060001373
335196.989990234 5698390.02001953 50.540000916
335183.890014648 5698474.93994141 71.63999939
335161 5698602.13000488 50.790000916
335198.930053711 5698429.47998047 54.909999847
335197.680053711 5698435.60998535 55.86000061
335223.810058594 5698268.14001465 52.290000916
335210.849975586 5698344 65.989997864
335228.560058594 5698275.18005371 52.869998932
335185.170043945 5698496.72998047 49.270000458
335194.510009766 5698318.84997559 65.330001831
335156.239990234 5698516.89001465 55.810001373
335178.079956055 5698418.80004883 54.220001221
335188.869995117 5698439.06994629 60.630001068
335152.859985352 5698625.27001953 60.560001373
335218.349975586 5698307.97998047 63.75
335177.869995117 5698397.51000977 72.239997864
335170.180053711 5698543.18005371 64.63999939
335221.420043945 5698277.67004395 52.330001831
335205.479980469 5698278.16003418 52.840000153
335138.33996582 5698591.52001953 62.009998322
335219.739990234 5698317.44995117 54.060001373
335165.719970703 5698454.15002441 54.040000916
335161.91003418 5698582.13000488 61.709999084
335159.969970703 5698499.18005371 57.830001831
335166.670043945 5698558.06005859 63.540000916
335160.560058594 5698606.43994141 50.630001068
335182 5698488.84997559 50.069999695
335154.180053711 5698514.32995605 67.290000916
335195.359985352 5698435.93005371 65.660003662
335197.729980469 5698424.55004883 63.970001221
335169.869995117 5698409.08996582 53.259998322
335135.989990234 5698582.76000977 51.36000061
335192.439941406 5698411.18005371 52.880001068
335172.079956055 5698436.0300293 72.099998474
335175.510009766 5698381.77001953 49.779998779
335157.489990234 5698602.39001465 61.310001373
335203.670043945 5698378.56005859 69.239997864
335190.959960938 5698318.29003906 54.290000916
335187.369995117 5698474.63000488 61.340000153
335215.380004883 5698270.31005859 79.599998474
335155.890014648 5698520.18005371 55.479999542
335218.58996582 5698325.20996094 54.569999695
335222.420043945 5698288.76000977 63.299999237
335211.16003418 5698344.2199707 66.319999695
335149.969970703 5698532.94995117 65.559997559
335190.260009766 5698440.40002441 82.029998779
335203.41003418 5698275.45996094 63.650001526
335206.489990234 5698273.09997559 52.189998627
335170.790039063 5698404.92004395 52.619998932
335192.33996582 5698438.54003906 56.319999695
335179.290039063 5698437.2199707 82.230003357
335150.829956055 5698510.73999023 56.549999237
335178.079956055 5698502.70996094 68.529998779
335224.859985352 5698260.80004883 52.490001678
335152.900024414 5698535.18005371 54.25
335189.66003418 5698463.73999023 62.930000305
335145.010009766 5698538.81005859 53.979999542
335209.550048828 5698367.15002441 57.580001831
335212.550048828 5698352.92004395 56.229999542
335181.650024414 5698437.22998047 73.900001526
335206.310058594 5698313.90002441 80.959999084
335167.219970703 5698466.18994141 61.770000458
